[8, 57, 43, 7, 4, 20],
[6, 7, 12, 46, 47, 56],
[23, 24, 30, 53, 58, 62],
[12, 21, 26, 37, 49, 61],
[0, 28, 33, 40, 44, 57],
[4, 8, 25, 39, 40, 41],
[5, 18, 28, 32, 42, 62],
[7, 18, 33, 38, 40, 61],
[6, 16, 23, 32, 38, 46],
[16, 40, 42, 44, 45, 54],
[3, 4, 26, 29, 32, 40],
[15, 30, 32, 33, 40, 43],
[12, 22, 27, 30, 42, 56],
[0, 4, 17, 21, 28, 53],
[12, 17, 35, 55, 58, 62],
[5, 9, 18, 25, 32, 55],
[13, 28, 31, 35, 51, 60],
[9, 11, 14, 34, 44, 56],
[1, 22, 23, 43, 48, 62],
[3, 18, 21, 28, 41, 42],
[4, 11, 30, 36, 40, 43],
[11, 15, 29, 42, 45, 60],
[7, 9, 32, 38, 43, 56],
[20, 22, 45, 48, 57, 61],
[19, 23, 24, 25, 55, 60],
[0, 5, 6, 15, 22, 53],
[0, 5, 6, 15, 22, 53]